,path length,curvature cost,pathing time,planning time,map,Sample Density
1,108.45722885467492,5.256894727092849,233.60000000000002,1.2014939785003662,1,1
1,59.36750050094772,1.8461791527484679,120.30000000000005,4.817484617233276,2,1
2,98.36726596729439,1.8194921929627295,180.0,4.015494346618652,1,2
2,57.434792992482414,1.4154714385146863,113.30000000000003,4.776634216308594,2,2
3,97.59756311026008,1.5982937573684155,172.29999999999998,7.497233867645264,1,3
3,56.651431416491974,1.5429576846833273,101.90000000000003,6.7863523960113525,2,3
4,96.23801631173139,1.598646123375561,180.00000000000003,15.4232177734375,1,4
4,57.8749504544886,0.843724990210465,103.70000000000005,12.535942316055298,2,4
5,95.85788411075016,1.2841381081090888,165.60000000000008,22.178014278411865,1,5
5,56.231202944485716,0.846098386501635,105.50000000000001,17.0081045627594,2,5
6,97.301065940611,1.2745814311357,169.20000000000007,28.864209175109863,1,6
6,55.47140778788345,0.624957214501739,95.89999999999999,22.222330570220947,2,6
7,95.91857621001566,1.1488539518975114,167.50000000000006,34.13909101486206,1,7
7,55.744299391823354,0.956577366382868,99.70000000000003,27.743366718292236,2,7
8,96.05704066732861,1.4044903225012964,163.50000000000009,45.638731956481934,1,8
8,55.842358406181546,0.9148156813340237,94.20000000000003,34.31676506996155,2,8
9,95.5852247891449,1.3685690371766186,164.90000000000006,63.050387144088745,1,9
9,55.60707547398029,0.7675508346886954,91.40000000000002,44.56316781044006,2,9
10,95.54458644148477,1.3643525473979699,163.40000000000003,81.3702118396759,1,10
10,56.210215485119114,0.7667322065492095,100.10000000000002,58.17504119873047,2,10
