,path length,curvature cost,pathing time,planning time,map,turning sensitivity
1,96.87997924432256,1.2216055170479823,169.70000000000007,15.833607196807861,1,0.1
1,57.591666184018635,0.7606747756189376,105.90000000000005,16.688626289367676,2,0.1
2,96.38888665599112,1.6623206550121554,171.60000000000005,19.78615379333496,1,0.2
2,56.644933027213064,0.8703745035888307,97.30000000000005,21.060030698776245,2,0.2
3,95.37474899265,1.454762563913802,164.7,18.9249370098114,1,0.3
3,55.56304057114468,1.242091455463595,100.60000000000002,14.548699378967285,2,0.3
4,95.57414372164767,1.5343819815821305,170.30000000000004,24.351926803588867,1,0.4
4,58.63925923170041,0.8756077457807934,103.50000000000006,12.477132081985474,2,0.4
5,96.64404313724744,1.973463814044412,175.70000000000002,18.563783884048462,1,0.5
5,56.601973233862644,1.4935026257220936,96.50000000000001,12.364213943481445,2,0.5
6,95.26153555755569,1.8329856097938344,171.6,19.38550877571106,1,0.6
6,58.010783245200976,1.7307449204625076,105.99999999999999,12.857505798339844,2,0.6
7,95.80280497439702,2.4031657975370724,186.49999999999997,19.285319328308105,1,0.7
7,57.17129805103435,1.3969157259703338,103.40000000000003,16.17434525489807,2,0.7
8,95.64181047779309,1.9415017338199414,175.59999999999997,19.18622326850891,1,0.8
8,58.57096436439479,1.2999446850586007,108.60000000000002,12.736461400985718,2,0.8
9,95.40110448397213,2.05686783173887,172.70000000000005,18.613568544387817,1,0.9
9,58.52865069998714,1.9959137646295013,112.30000000000004,14.305612087249756,2,0.9
10,96.02983861927781,2.4445545769958277,176.20000000000005,17.83904266357422,1,1.0
10,56.60304972180582,1.0923342798491555,108.60000000000007,13.197286128997803,2,1.0
